780.84,452.76,1164
1105.64,639.76,1224
1384.16,800.52,1244
1662.68,961.28,1265
1941.20,1122.04,1307
2493.12,1440.36,1327
3477.60,2007.84,1527
4215.80,2434.32,1677


780.84 452.76 1164 (steer right)
1105.64 639.76 1224 (steer left)
1384.1 800.52 1244 (hold)
1662.68 961.28 1265 (steer left)
1941.20 1122.04 1307 (hold)
2493.12 1440.36 1327 (steer left)
3477.60 2007.84 1527 (hold)
4215.80 2434.32 1677 (steer left)

EAGLE FORD
--------------
KOP =100  Steer right
140 270 1500 Steer left
240 140 2000 Steer right
342 240 3120 Hold
423 542 4000 Hold


CHINESE
---------
KOP= 200
140 152 1500
214 250 2000
315 325 3000
500 452 3500


